9781409539933
9781409540021
9781409540076
9781409541066
9781409555605
9781409558484
9781409558811
9781409558897
9781409558903
9781409559771
9781409560586
9781409577188
9782012028067
9782012028593
9782012031852
9782012032941
9782012035331
9782012039339
9782012043060
9782012044319
9782012044333
9782012044340
9782012203242
9782012203259
9782012274280
9782012274327
9782012274822
9782012275904
9782013228695
9782013233958
9782013285094
9782013285162
9782013938334
9782013938341
9782013943642
9782014643954
9782014644821
9782014644838
9782014644845
9782014644852
9782014651409
9782035870148
9782035870155
9782035883377
9782035897831
9782035912879
9782070645091
9782070645466
9782070645473
9782070647491
9782070647811
9782070648764
9782070648801
9782070653416
9782070654055
9782070654062
9782070654352
9782070654376
9782070654642
9782070657339
9782070657346
9782070660537
9782070661947
9782070661961
9782070661992
9782070663767
9782070663828
9782081248045
9782081263772
9782081264779
9782081265691
9782081267251
9782081267374
9782081267381
9782081268173
9782081284784
9782081286856
9782081286887
9782081287594
9782081308404
9782081308442
9782081308497
9782092537350
9782092537411
9782092540428
9782092540435
9782092551103
9782092551929
9782092551936
9782092556351
9782092557617
9782203076990
9782203079878
9782203079885
9782211207591
9782211208178
9782211213875
9782215099253
9782215114741
9782215114758
9782215114789
9782215117322
9782215125877
9782215126324
9782215141716
9782215148999
9782215149088
9782226231017
9782226231031
9782226242730
9782226242815
9782226242884
9782226242891
9782226243171
9782226243300
9782226243355
9782226243362
9782226257703
9782244410326
9782244418155
9782244418162
9782244606187
9782246787266
9782246801269
9782266172868
9782266172875
9782266185813
9782266185820
9782266210621
9782266227650
9782266228213
9782266232166
9782266232173
9782266239684
9782266243841
9782266251068
9782266251075
9782266252812
9782266252829
9782266254014
9782266254526
9782266256223
9782266256230
9782278070886
9782278077892
9782296556775
9782302020207
9782302024502
9782302042278
9782302042841
9782302044005
9782302044821
9782324000454
9782324001598
9782324001604
9782324003837
9782324003844
9782324006043
9782324007231
9782324009617
9782324009662
9782324010330
9782324010446
9782330034726
9782330034764
9782332766007
9782344004210
9782344004227
9782344004456
9782344004654
9782350008356
9782350008653
9782350008967
9782350009018
9782350009056
9782350009070
9782350009094
9782350009223
9782350213576
9782351006344
9782351006429
9782351006467
9782352412113
9782352412151
9782352412182
9782352901181
9782352901204
9782353190720
9782353190775
9782354131753
9782354132507
9782354132514
9782354882310
9782354882358
9782355041990
9782355042515
9782355042690
9782358710459
9782359190731
9782359190748
9782359190762
9782359190779
9782359490190
9782359851328
9782359900132
9782359900156
9782359900170
9782359900200
9782359900217
9782359900231
9782359900514
9782359900569
9782359900576
9782359900583
9782359900590
9782359900644
9782359900729
9782359900774
9782360510955
9782360511099
9782360630165
9782360800360
9782360800407
9782360800438
9782360800506
9782360800520
9782360800544
9782360800605
9782360800650
9782360800704
9782360800711
9782360800728
9782360800780
9782360800834
9782360800841
9782360800858
9782360800865
9782360800988
9782360801008
9782360801145
9782361050108
9782361520809
9782361520939
9782361540876
9782361540968
9782362560255
9782362560354
9782362561184
9782362561191
9782362561481
9782362561528
9782362561672
9782362611674
9782362660580
9782362660603
9782362661037
9782362661044
9782362661075
9782363880109
9782364210158
9782364210165
9782364741553
9782364741560
9782364802469
9782364802476
9782366530919
9782366530933
9782366531015
9782366531060
9782366531107
9782366531114
9782367890142
9782367890272
9782367900025
9782368082348
9782368082355
9782369510314
9782369560074
9782508015533
9782508020193
9782508020643
9782508020650
9782700243857
9782701157672
9782702715253
9782702715383
9782710505198
9782723491693
9782723492027
9782723492034
9782728917174
9782733819012
9782733819685
9782733822999
9782737356261
9782737356421
9782737363849
9782737363979
9782745953643
9782745958174
9782745959621
9782745960719
9782745962676
9782745965417
9782746508613
9782746708075
9782747037181
9782747038355
9782747044066
9782747044080
9782747046718
9782747047456
9782747047470
9782747048927
9782747050661
9782747050678
9782747050784
9782747050920
9782747050937
9782748371932
9782748372199
9782748513806
9782748513837
9782753023055
9782756024738
9782756032603
9782756522401
9782758305989
9782758307877
9782800148519
9782800148625
9782809424591
9782809424607
9782809646085
9782812606847
9782818923870
9782818923887
9782818923962
9782821203815
9782821203822
9782824602660
9782824603414
9782824603551
9782824603698
9782825142745
9782826035350
9782831100609
9782831100654
9782840066798
9782840646006
9782840646020
9782841813810
9782841813827
9782842381400
9782842597450
9782843681356
9782846904926
9782848016818
9782848657622
9782848657639
9782849531389
9782853004473
9782853006309
9782874230776
9782874230998
9782878336368
9782878336542
9782878336696
9782878336719
9782884713221
9782884713313
9782889081318
9782894354810
9782894355169
9782896604326
9782896604340
9782896608218
9782905808455
9782914495233
9782915732566
9782916637341
9782916637402
9782917689394
9782918857174
9782918857228
9782919372409
9782919506071
9782960110128
9782960121377
9788861125339
9788861126114
9788861126206
9788862293105
9788862294423
9788895799896
9788895799902
9788896023204
9789031734757
9789031735457
9789037463484
9789037464115
9789037470628
9789461514868
9789461517234



























