9788817056687
9788817054331
9788817054386
9788817054072
9788817054294
9788817054348
9788817054300
9788817054362
9788817054379
9788817055659
9788817055666
9788817054317
9788817055680
9788817054355
9788817055697
9788817056564
9788817055628
9788817049153
9788817057356
9788817057318
9788817057332
9788817057363
9788817055635
9788817057349
9788817058728
9788817058766
9788817058865
9788817058735
9788817058759
9788817058858
9788817061629
9788817061643
9788817061612
9788817061636
9788817058872
9788817060776
9788817059510
9788817060578
9788817058742
9788817060752
9788817055673
9788817055642
9788817058889
9788817059473
9788817059565
9788817060783
9788817060769
9788817062473
9788817053501
9788817060790
9788817061445
9788817062510
9788817063784
9788817063852
9788817064071
9788817063845
9788817071864
9788817062909
9788817063821
9788817063838
9788817063920
9788817063869
9788817063876
9788817063883
9788817064606
9788817065252
9788817065290
9788817065306
9788817065313
9788817064996
9788817065337
9788817064590
9788817066709
9788817065955
9788817066716
9788817065320
9788817066280
9788817066686
9788817066679
9788817066693
9788817066723
9788817066730
9788817068314
9788817067126
9788817068307
9788817068338
9788817068291
9788817069557
9788817069571
9788817068055
9788817068536
9788817069564
9788817069540
9788817068086
9788817068321
9788817069472
9788817069588
9788817070270
9788817069595
9788817070591
9788817070607
9788817070614
9788817072267
9788817071895
9788817071949
9788817071857
9788817071635
9788817071758
9788817071871
9788817071888
9788817071932
9788817071901
9788817071918
9788817071642
9788817072762
9788817072793
9788817072809
9788817073769
9788817073882
9788817071925
9788817071956
9788817075336
9788817074995
9788817074964
9788817076333
9788817076357
9788817076364
9788817074971
9788817074988
9788817075008
9788817075138
9788817076371
9788817076401
9788817073714
9788817075480
9788817075107
9788817077156
9788817077170
9788817077132
9788817072779
9788817078740
9788817076388
9788817077545
9788817077477
9788817077125
9788817077163
9788817077149
9788817077743
9788817077750
9788817077767
9788817077774
9788817077187
9788817077835
9788817077842
9788817078672
9788817036009
9788817077859
9788817077866
9788817078290
9788817078306
9788817041836
9788817021005