9788883286025
9788868370176
9788883285646
9788883281815
9788883289255
9788883287763
9788883289057
9788883285677
9788883283109
9788883288920
9788883281488
9788883281730
9788883282911
9788883284212
9788883281211
9788883287749
9788883284908
9788883281556
9788883284533
9788883283123
9788883282942
9788868370374
9788883281877
9788883283550
9788883281907
9788883281204
9788883284830
9788883281884
9788883282683
9788883283567
9788883280894
9788883287824
9788883281891
9788883284557
9788883288357
9788883289507
9788883286735
9788883287381
9788883282478
9788883280665
9788883282485
9788883287794
9788883287633
9788883285073
9788868370756
9788883288128
9788883281372
9788883284809
9788883281020
9788883280900
9788883283130
9788883283000
9788883288487
9788883281051
9788883281075
9788883281822
9788883281327
9788883281334
9788883282805
9788883284342
9788883281259
9788883281242
9788883287084
9788883287077
9788883282553
9788883286261
9788883286797
9788883284076
9788883283031
9788883285790
9788883285059
9788883283451
9788883282980
9788883285776
9788883280658
9788883287619
9788883287626
9788883287473
9788883287480
9788883285080
9788883285097
9788883288609
9788883289231
9788883283635
9788883289224
9788883288173
9788883286087
9788883287961
9788883285783
9788883281464
9788883281501
9788883289064
9788883289637
9788883286681
9788883289071
9788868370848
9788883289606
9788868370497
9788883286117
9788883286292
9788883281280
9788883280795
9788883280467
9788883289712
9788883289705
9788883284670
9788883285257
9788883283147
9788883282003
9788883287190
9788868370671
9788883285851
9788868370121
9788883286247
9788883289613
9788868370916
9788883289903
9788883289880
9788883289927
9788883289897
9788883289941
9788883289934
9788883289590
9788868370190
9788883289217
9788883286254
9788883282348
9788883280979
9788883281433
9788868370183
9788883289040
9788883281723
9788883288562
9788883288791
9788883288807
9788883284762
9788883282843
9788883289415
9788883284724
9788883284205
9788883285035
9788883286483
9788883286810
9788883288517
9788883289651
9788883283413
9788883286957
9788883286940
9788883280764
9788883281167
9788883281068
9788883280269
9788883283161
9788883281044
9788883281037
9788883286933
9788883286926
9788883286902
9788883286919
9788883289286
9788883283444
9788868370046
9788883289736
9788868370053
9788883280726
9788868370282
9788883281990
9788883280986
9788883281341
9788883282676
9788883284946
9788883283611
9788883286872
9788883284953
9788883284977
9788883283574
9788883280924
9788883280917
9788883286742
9788883281983
9788883286094
9788883285813
9788883289293
9788883282379
9788883283284
9788883287695
9788868370398
9788883284632
9788883284717
9788883289958
9788883286995
9788883283673
9788883282287
9788868370169
9788868371258
9788883287718
9788883288166
9788883283192
9788883282355
9788883280481
9788883283987
9788883282157
9788883281686
9788883282362
9788883287725
9788883287688
9788883284113
9788883285820
9788868370626
9788883283260
9788883282188
9788883282171
9788883283352
9788883280375
9788883287121
9788883287138
9788883285714
9788883280382
9788883283215
9788883281679
9788883289965
9788883283994
9788883285011
9788883287398
9788883281914
9788868370381
9788883284236
9788883286490
9788883285882
9788883283628
9788883289538
9788883282645
9788883288500
9788883282881
9788883286070
9788883285929
9788883285127
9788883285325
9788883285493
9788883280047
9788883280702
9788883283680
9788883287343
9788883283857
9788883284090
9788883284892
9788883284267
9788883285349
9788883283710
9788883287220
9788883287213
9788883287237
9788883288142
9788883283468
9788883282577
9788883282584
9788883282607
9788883282591
9788883285806
9788883286285
9788883289729
9788883289583
9788883284731
9788883284854
9788883288302
9788883285363
9788883288814
9788883280450
9788883283819
9788883284281
9788883288296
9788883287923
9788883284748
9788883280054
9788883286469
9788883286674
9788868370664
9788868370657
9788883284380
9788883284397
9788883281754
9788883287459
9788883287183
9788883287060
9788868370824
9788883289545
9788883289552
9788868371050
9788883288579
9788883280801
9788883281303
9788883283222
9788883281709
9788883280832
9788883289972
9788883283086
9788883287336
9788883285523
9788883282652
9788883287329
9788883288197
9788883284885
9788883282898
9788883284625
9788883284816
9788883280825
9788883284878
9788883284861
9788883282973
9788883286537
9788883283475
9788883283604
9788883280818
9788883286346
9788883288784
9788868370268
9788883287107
9788883283154
9788883282874
9788883280023
9788883288630
9788883288623
9788883283345
9788883286506
9788868371128
9788883285899
9788868371135
9788883282904
9788868370619
9788868370596
9788868370602
9788868370589
9788883286773
9788883286520
9788883283420
9788868370152
9788883284106
9788883287435
9788883285417
9788883286841
9788883283802
9788883282140
9788883289095
9788868370411
9788883281648
9788883281440
9788883283543
9788883286865
9788883286858
9788883286100
9788883283437
9788883283208
9788883282164
9788883280498
9788883281693
9788883285028
9788883288203
9788883288180
9788883284939
9788883288210
9788883282232
9788883282256
9788883282263
9788883284229
9788883283970
9788883283932
9788883285622
9788883286032
9788883281457
9788883282119
9788883285134
9788883289408
9788883288845
9788883286223
9788883288395
9788883285387
9788868371111
9788868371043
9788883287831
9788883286704
9788883286698
9788883287428
9788883286711
9788883286728
9788883287411
9788883283734
9788883280955
9788883288913
9788883286438
9788883286834
9788883285394
9788883283956
9788883288388
9788868371029
9788883287800
9788868370572
9788883285868
9788883289576
9788883285370
9788883287466
9788883285066
9788883288906
9788883284045
9788883287893
9788868370367
9788883285271
9788883282492
9788883283178
9788883280962
9788868370145
9788883288494
9788868370763
9788883281310
9788883282935
9788883287442
9788883286124
9788883286131
9788883287855
9788883286155
9788883282270
9788883286148
9788883287404
9788883284250
9788883288852
9788868370527
9788883284618
9788868370688
9788883286803
9788883286988
9788883280559
9788883280542
9788883280009
9788883280016
9788883288746
9788883282959
9788883284540
9788883280641
9788883282560
9788883286186
9788883286179
9788883286209
9788883282751
9788883282768
9788883282775
9788883282782
9788883286339
9788883283925
9788883284915
9788883284656
9788883283901
9788883283895
9788883284922
9788883284649
9788883283918
9788883281525
9788883285837
9788883283727
9788883284571
9788883284588
9788883282508
9788883282614
9788883288524
9788883286551
9788883285905
9788883285639
9788883286391
9788883280344
9788883287015
9788883285615
9788883285448
9788883285455
9788883285981
9788883285462
9788883285479
9788883285950
9788883286513
9788883285486
9788883285967
9788883286353
9788883286582
9788883280719
9788868370534
9788883289620
9788883285530
9788883285684
9788883285691
9788883285165
9788883285172
9788883287299
9788883287305
9788883283536
9788883285141
9788883286452
9788868370473
9788868370466
9788868370459
9788868370435
9788868370442
9788883285158
9788883285103
9788883285509
9788883287848
9788883289309
9788883281570
9788868370541
9788883287909
9788883286445
9788883284366
9788883284755
9788883285288
9788883288739
9788883285738
9788883285110
9788868371036
9788883282331
9788868370558
9788883288470
9788883280115
9788883281945
9788883281549
9788883281563
9788883281938
9788868371142
9788883283482
9788883284243
9788883282324
9788883285356
9788883283338
9788883285974
9788883289521
9788883283321
9788883288715
9788883288364
9788883287527
9788883287534
9788883286896
9788883289248
9788868370992
9788883288753
9788883284694
9788883281532
9788883284687
9788883287091
9788883288821
9788883286407
9788883287916
9788883280030
9788868370138
9788883288135
9788883286001
9788868371005
9788883283529
9788883289088
9788883288838
9788883286780
9788883287947
9788883285332
9788883287756
9788868371302
9788883285431
9788883285912
9788883285424
9788883285844
9788883287817
9788883288944
9788883285264
9788883284960
9788883285042
9788883284373
9788883283581
9788883282997
9788883281365
