9788821593659 
9788821593475 
9788821590627 
9788821590634 
9788821593529 
9788821593208 
9788821592942 
9788821592638 
9788821578427 
9788821578458 
9788821590238 
9788821579516 
9788821579615 
9788821579110 
9788821579547 
9788821579677 
9788821579325 
9788821579837 
9788821578342 
9788821578335 
9788821578359 
9788821578328 
9788821576041 
9788821576058 
9788821577215 
9788821576393 
9788821576560 
9788821576386 
9788821576546 
9788821576553 
9788821576010 
9788821576027 
9788821576003 
9788821576034 
9788821576263 
9788821575204 
9788821574009 
9788821574610 
9788821574665 
9788821575471 
9788821575877 
9788821575884 
9788821575891 
9788821573361 
9788821572739 
9788821572722 
9788821574023 
9788865431221
9788865430910
9788865430903
9788865430774
9788865430668
9788865430675
9788865431016
9788865431023
9788865430644
9788865430651
9788865430262
9788867991570 
9788867990825 
9788867990818 
9788867990832 
9788867990801 
9788867990597 
9788868371265
9788868370985
9788868371012
9788868370404
9788868370084
9788883289910
9788883289569
9788883289644
9788883289262
9788883289026
9788883289033
9788883288890
9788883288937
9788883288777
9788883286544
9788883287176
9788883286797
9788883288531
9788883288722
9788883288548
9788883288760
9788883288555
9788883288616
9788883288418
9788883288371
9788883288234
9788883288227
9788883287879
9788883287886
9788883287930
9788883287954
9788883287770
9788883287732
9788883287664
9788883287657
9788883287671
9788883287701
9788860369871 
9788860369925 
9788860367495 
9788860367303 
9788860366948 
9788860367259 
9788860366740 
9788866349198 
9788866347736 
9788866348825 
9788861234208 
9788866347880 
9788866347873 
9788866347859 
9788866347729 
9788866347606 
9788866347590 
9788861238022 
9788880338307 
9788880338192 
9788880337935 
9788880337782 
9788880337768 
9788880337683 
9788880337355 
9788880337072 
9788880337119 
9788880337102 
9788880336914 
9788880336846 
9788880336839 
9788880336631 
9788880336174 
9788868900014 
9788868900076 
9788868900137 
9788868900687 
9788868900823 
9788875486747 
9788875486778 
9788875487119 
9788875487126 
9788875487133 
9788875487140 
9788875487232 
9788875487249 
9788875487256 
9788875487263 
9788875487270 
9788875487287 
9788875487294 
9788875487300 
9788875487317 
9788875487324 
9788875487348 
9788875487355 
9788875487362 
9788875487379
