9788868371258
9788847451254
9788882223366
9788882223502
9788817076432
9788873076988
9788873076995
9788858012383
9788858012406
9788858012376
9788858012390
9788876092763
9788887938999
9788897870340
9788874626540
9788857008103
9788858012666
9788858012642
9788858012659
9788836565047
9788891509796
9788807922428
9788817077149
9788817077750
9788817077743
9788817077774
9788817077767
9788882223601
9788857008202
9781409571612
9788867991563
9788898346349
9788878743717
9788878743724
9788804642367
9788804644323
9788804644385
9788804644415
9788856635089
9788856636079
