9788897870319
9788897870395
9788897870340
9788897870388
9788897870425
9788897870227
9788897870326
9788897870333
9788897870258
9788867142590
9788897870302
9788897870210
9788897870234
9788897870203
9788897870241
9788897870272
9788897870289
9788897870296
9788884574893
9788897870197
9788897870173
9788887938913
9788897870180
9788897870166
9788897870036
9788897870128
9788867141234
9788897870067
9788897870159
9788897870111
9788897870005
9788897870074
9788897870012
9788897870081
9788897870104
9788888448961
9788888448886
9788888448893
9788888448992
9788888448930
9788897870043
9788897870050
9788897870098
9788888448879
9788888448909
9788888448947
9788888448916
9788888448923
9788888448800
9788888448824
9788888448848
9788888448770
9788888448756
9788888448787
9788888448695
9788888448794
9788888448817
9788888448831
9788888448701
9788888448718
9788888448725
9788888448732
9788821570858
9788888448459
9788888448657
9788888448664
9788888448671
9788888448688
9788888448633
9788888448640
9788888448565
9788888448572
9788888448619
9788887938678
9788888448541
9788888448558
9788888448602
9788888448534
9788888448589
9788888448497
9788888448503
9788888448480
9788888448275
9788888448244
9788888448268
9788888448282
9788888448473
9788888448299
9788888448251
9788884572974
9788884572981
9788888448220
9788888448237
9788888448213
9788888448190
9788888448121
9788888448145
9788888448152
9788888448138
9788883890901
9788888448763
9788888448749
9788888448596
9788888448169
9788864011899
9788888448626
9788860791313
9788878760219
