9788809784956
9788809794856
9788809795945
9788809798069
9788809798052
9788809783546
9788809798410
9788809798366
9788809798397
9788809791091
9788809791084
9788809805200
9788809805231
9788809805248
9788809795938
9788809798304
9788809798311
9788809798328
9788809798335
9788809794849
9788809795860
9788809795952
9788809798359
9788809798250
9788809798267
9788809798274
9788809798281
9788809798298
9788809798342
9788809795433
9788809795440
9788809795457
9788809795402
9788809795419
9788809795426
9788809789050
9788809786646
9788809794436
9788809786653
9788809794399
9788809797406
9788809798182
9788809798243
9788809798373
9788809798380
9788809794382
9788809786677
9788809786660
9788809796171
9788809796188
9788809795044
9788809794962
9788809794931
9788809794412
9788809794405
9788809794443
9788809793149
9788809798205
9788809798212
9788809798229
9788809798236
9788809792555
9788844044848
9788809790100
9788809795006
9788809795013
9788809795396
9788809791114
9788809798199
9788809791701
9788809793712
9788809793705
9788809793699
9788809793514
9788809794955
9788809794948
9788809794900
9788809794917
9788809794832
9788809795877
9788809795884
9788809795891
9788809795907
9788809795914
9788809795921
9788809798403
9788809791695
9788809791824
9788809794993
9788809794986
9788809795075
9788809795068
9788809798465
9788809790827
9788809790834
9788809790810
9788809790803
9788809794207
9788809793668
9788809793620
9788809793644
9788809793606
9788809793583
9788809793569
9788809790872
9788809789968
9788809795846
9788809795853
9788809790896
9788809790902
9788809790889
9788809794887
9788809790841
9788809790858
9788809790490
9788809791312
9788809788695
9788809788701
9788809788718
9788809789975
9788809791862
9788809788220
9788809793545
9788809793552
9788809794894
9788809791435
9788809793521
9788809794863
9788809794870
9788809793439
9788809793477
9788809793422
9788809793538
9788809793491
9788809793453
9788809793460
9788809792760
9788809792296
9788809792289
9788809785076
9788809795020
9788809795037
9788809795051
9788809789999
9788809790001
9788809793507
9788809793446
9788809790094
9788809791817
9788809791879
9788809791671
9788809791688
9788809791657
9788809786639
9788809775602
9788809789012
9788809789029
9788809794139
9788809791954
9788809791800
9788809791787
9788809791794
9788809791190
9788809788725
9788809790919
9788809790926
9788809791831
9788809791763
9788809791107
9788809788817
9788809786035
9788809788824
9788809790544
9788809784093
9788809784109
9788809791855
9788809792258
9788809791121
9788809790049
9788809790056
9788809790063
9788809790070
9788809790087
9788809789944
9788809789951
9788809789982
9788809790025
9788809785151
9788809791848
9788809790483
9788809790476
9788809788862
9788809788879
9788809786615
9788809789043
9788809789906
9788809788930
9788809788732
9788809788749
9788809781658
9788809785816
9788809788985
9788809787230
9788809787223
9788809783539
9788809788831
9788809788848
9788809788855
9788809788978
9788809786479
9788809994485
9788809787285
9788809786516
9788809788688
9788809788657
9788809788664
9788809788671
9788809788640
9788809788626
9788809786622
9788809785847
9788809785786
9788809788916
9788809791633
9788809791640
9788809784963
9788809784970
9788809785083
9788809784918
9788809787261
9788809787193
9788809785243
9788809790124
9788809787247
9788809788800
9788809785984
9788809785991
9788809785854
9788809785793
9788809785779
9788809783553
9788809063860
9788809785250
9788809787278
9788809786486
9788809785755
9788809785762
9788809770560
9788809785861
9788809785878
9788809786608
9788809787162
9788809785885
9788809787582
9788809785724
9788809787575
9788809778108
9788809786028
9788809787209
9788809787216
9788809785809
9788809776883
9788809784369
9788809785731
9788809785823
9788809785830
9788809786691
9788809787889
9788809787872
9788809786509
9788809784413
9788809785106
9788809779853
9788809779846
9788809779839
9788809779822
9788809787179
9788809787186
9788809784420
9788809755871
9788809755901
9788809781665
9788809785663
9788809785915
9788809785922
9788809785977
9788809786004
9788809786363
9788809783942
9788809785939
9788809785946
9788809785953
9788809785960
9788809781375
9788809785113
9788809785908
9788809786240
9788809784932
9788809784949
9788809784925
9788809773974
9788809784895
9788809784437
9788809784901
9788809783966
9788809783973
9788809783980
9788809783997
9788809784376
9788809784383
9788809785090
9788809785120
9788809783522
9788809785175
9788809785670
9788809784055
9788809784024
9788809784031
9788809784048
9788809778986
9788809781566
9788809781702
9788809770782
9788809757240
9788809783362
9788809783379
9788809774087
9788809770768
9788809783904
9788809783911
9788809783928
9788809783935
9788809779259
9788809783782
9788809784239
9788809778412
9788809778429
9788809778436
9788809780156
9788809780170
9788809780187
9788809783799
9788809784000
9788809779983
9788809783775
9788809779945
9788809778313
9788809783874
9788809783867
9788809058347
9788809781641
9788809781634
9788809773608
9788809783881
9788809785304
9788809783454
9788809780217
9788809784079
9788809784086
9788809783898
9788809783713
9788809783706
9788809781696
9788809774223
9788809783485
9788809783690
9788809781351
9788809781368
9788809784703
9788809781344
9788809780002
9788809783683
9788809783461
9788809783676
9788809783669
9788809768178
9788809778856
9788809770744
9788809783959
9788809784697
9788809778887
9788809777910
9788809058408
9788809745445
9788809745452
9788809063402
9788809776999
9788809780064
9788809780071
9788809779723
9788809781177
9788809780200
9788809780019
9788809780026
9788809780033
9788809780088
9788809779785
9788809779860
9788809779877
9788809779891
9788809780057
9788809777767
9788809778573
9788809743397
9788809034907
9788809779716
9788809779976
9788809780095
9788809780101
9788809780118
9788809780125
9788809780132
9788809780149
9788809780163
9788809780194
9788809780248
9788809783614
9788809777941
9788809777934
9788809046412
9788809052383
9788809778450
9788809783232
9788809770867
9788809778054
9788809778061
9788809745438
9788809767003
9788809776777
9788809615519
9788809779198
9788809779204
9788809778900
9788809745476
9788809778443
9788809778863
9788809778979
9788809779211
9788809778870
9788809776784
9788809776791
9788809776814
9788809778122
9788809777835
9788809777866
9788809778092
9788809777903
9788809777675
9788809778894
9788809776197
9788809778917
9788809778924
9788809778931
9788809778955
9788809778948
9788809778962
9788809780231
9788809776821
9788809768338
9788809775589
9788809777842
9788809773615
9788809776807
9788809777736
9788809778115
9788809777897
9788809757226
9788809777873
9788809777569
9788809777927
9788809745469
9788809047631
9788809047730
9788809047747
9788809047891
9788809051263
9788809776869
9788809747494
9788809778085
9788809775503
9788809777859
9788809768031
9788809776746
9788809776876
9788809062382
9788809062405
9788809768116
9788809776944
9788809778078
9788809776845
9788809054714
9788809774896
9788809775022
9788809776753
9788809776760
9788809759817
9788809770751
9788809773646
9788809774889
9788809770720
9788809774964
9788809775077
9788809774117
9788809774124
9788809776159
9788809764149
9788809772922
9788809775039
9788809775046
9788809048997
9788809773653
9788809776012
9788809775640
9788809776852
9788809773592
9788809770775
9788809774872
9788809743502
9788809743823
9788809759060
9788809768802
9788809775657
9788809775664
9788809776838
9788809773097
9788809773066
9788809773080
9788809773677
9788809773660
9788809773509
9788809774230
9788809774247
9788809773639
9788809773622
9788809768239
9788809771314
9788809775053
9788809768796
9788809777590
9788809758896
9788809771406
9788809774001
9788809775015
9788809775060
9788809775442
9788809775459
9788809774209
9788809769113
9788809774988
9788809774995
9788809772892
9788809772878
9788809772885
9788809772861
9788809774865
9788809776258
9788809772984
9788809773585
9788809768291
9788809771161
9788809774131
9788809775428
9788809775435
9788809775466
9788809759800
9788809774858
9788809773905
9788809773899
9788809774971
9788809767720
9788809774902
9788809774919
9788809774926
9788809774933
9788809774940
9788809774957
9788809772946
9788809772939
9788809775480
9788809773035
9788809773028
9788809751736
9788809772953
9788809772915
9788809772823
9788809772830
9788809772847
9788809772854
9788809768864
9788809772977
9788809772991
9788809773004
9788809773011
9788809769793
9788809773073
9788809773141
9788809773134
9788809773127
9788809773110
9788809773103
9788809773042
9788809773059
9788809772960
9788809759015
9788809771055
9788809773196
9788809768970
9788809769854
9788809768390
9788809766648
9788809767607
9788809768147
9788809769090
9788809769151
9788809769830
9788809769762
9788809769632
9788809767706
9788809768109
9788809768185
9788809757233
9788809767713
9788809768321
9788809768963
9788809769021
9788809769069
9788809769076
9788809766952
9788809768598
9788809768994
9788809769106
9788809769823
9788809769847
9788809768772
9788809759794
9788809768307
9788809768383
9788809768987
9788809769038
9788809769045
9788809769052
9788809769083
9788809767034
9788809768024
9788809769137
9788809769809
9788809769786
9788809767058
9788809768055
9788809768062
9788809768079
9788809768192
9788809768215
9788809768437
9788809768451
9788809768468
9788809771215
9788809771222
9788809766747
9788809768154
9788809768314
9788809769779
9788809765757
9788809765764
9788809768277
9788809765962
9788809765979
9788809765986
9788809765993
9788809766006
9788809766013
9788809768642
9788809768659
9788809768246
9788809767157
9788809767041
9788809768222
9788809768253
9788809770812
9788809765887
9788809051331
9788809759077
9788809768208
9788809751750
9788809766259
9788809767119
9788809767102
9788809767096
9788809767133
9788809767140
9788809766976
9788809766969
9788809767072
9788809767089
9788809759381
9788809759398
9788809762978
9788809758698
9788809758742
9788809766990
9788809766983
9788809767010
9788809767027
9788809768369
9788809759237
9788809765771
9788809765863
9788809767522
9788809767539
9788809755581
9788809765733
9788809765740
9788809767171
9788809616301
9788809759220
9788809765788
9788809765795
9788809765870
9788809766075
9788809766082
9788809766099
9788809767584
9788809767164
9788809758483
9788809758490
9788809758506
9788809758513
9788809759213
9788809757530
9788809767126
9788809763197
9788809763173
9788809763180
9788809763166
9788809763142
9788809763159
9788809757158
9788809765801
9788809765818
9788809766020
9788809766037
9788809766044
9788809766051
9788809766068
9788809759350
9788809759336
9788809759343
9788809762985
9788809762992
9788809765900
9788809765917
9788809765924
9788809765931
9788809765948
9788809765955
9788809759459
9788809759374
9788809759466
9788809759480
9788809759473
9788809759367
9788809759428
9788809759435
9788809759053
9788809759411
9788809759404
9788809765696
9788809759169
9788809749634
9788809758636
9788809759244
9788809755543
9788809759138
9788809759145
9788809759152
9788809759121
9788809755574
9788809765337
9788809751743
9788809758520
9788809758537
9788809758599
9788809758605
9788809759206
9788809759190
9788809749788
9788809752948
9788809758544
9788809758575
9788809747692
9788809745391
9788809745407
9788809758582
9788809759268
9788809759985
9788809759961
9788809759978
9788809746077
9788809752382
9788809758551
9788809758568
9788809758650
9788809758667
9788809758674
9788809758681
9788809758704
9788809758735
9788809758759
9788809758889
9788809752870
9788809752771
9788809755475
9788809755482
9788809759862
9788809747678
9788809755451
9788809749474
9788809752825
9788809752832
9788809755567
9788809755628
9788809755550
9788809745216
9788809752115
9788809752795
9788809749511
9788809752887
9788809752955
9788809752818
9788809755840
9788809752375
9788809752849
9788809752894
9788809752856
9788809752863
9788809755239
9788809755468
9788809752252
9788809752900
9788809752788
9788809754393
9788809753068
9788809755659
9788809757165
9788809757172
9788809755536
9788809749504
9788809743496
9788809749757
9788809753020
9788809755635
9788809750562
9788809752290
9788809752283
9788809746404
9788809751729
9788809752160
9788809752917
9788809749467
9788809752207
9788809752214
9788809752184
9788809752191
9788809752269
9788809752412
9788809750517
9788809750500
9788809752276
9788809746800
9788809747708
9788809747715
9788809747722
9788809747739
9788809747517
9788809750494
9788809750548
9788809752368
9788809752177
9788809750555
9788809747487
9788809746862
9788809062856
9788809746282
9788809745742
9788809745766
9788809745773
9788809745780
9788809747357
9788809747364
9788809747371
9788809747395
9788809747418
9788809747425
9788809747432
9788809748453
9788809746046
9788809063051
9788809746374
9788809745971
9788809745728
9788809746053
9788809746350
9788809061033
9788809745209
9788809746770
9788809746787
9788809746824
9788809746848
9788809745667
9788809745674
9788809746084
9788809746091
9788809746107
9788809746114
9788809058811
9788809745643
9788809745681
9788809745698
9788809746299
9788809745810
9788809747500
9788809747753
9788809747760
9788809747777
9788809749795
9788809749856
9788809746169
9788809746244
9788809746855
9788809747456
9788809747463
9788809749849
9788809752009
9788809751989
9788809751972
9788809749863
9788809746312
9788809746879
9788809747449
9788809749481
9788809749801
9788809749733
9788809749740
9788809746831
9788809750586
9788809746336
9788809746343
9788809743779
9788809749436
9788809749818
9788809749832
9788809746251
9788809746268
9788809063006
9788809746060
9788809747746
9788809749443
9788809750289
9788809750432
9788809746121
9788809745964
9788809063600
9788809746763
9788809744615
9788809064812
9788809745650
9788809745711
9788809747036
9788809745704
9788809746152
9788809746176
9788809746183
9788809746190
9788809746206
9788809746213
9788809746220
9788809748415
9788809744295
9788809744516
9788809744684
9788809744035
9788809744318
9788809743687
9788809744301
9788809744394
9788809744400
9788809616684
9788809616608
9788809616561
9788809744059
9788809744042
9788809744325
9788809616516
9788809744967
9788809063068
9788809744943
9788809744028
9788809744660
9788809744950
9788809743489
9788809744455
9788809743649
9788809741829
9788809062146
9788809745193
9788809744677
9788809743809
9788809742413
9788809744332
9788809616622
9788809744929
9788809743380
9788809616615
9788809616554
9788809063075
9788809744653
9788809616356
9788809616363
9788809743601
9788809743663
9788809743595
9788809616493
9788809616486
9788809744240
9788809616400
9788809744554
9788809616370
9788809616394
9788809616431
9788809743588
9788809062771
9788809616387
9788809741805
9788809741812
9788809616479
9788809742222
9788809742376
9788809743403
9788809064805
9788809616325
