9788844044848
9788844034061
9788844028633
9788844028619
9788844017507
9788844019396
9788844019365
9788844019372
9788844019440
9788844023232
9788844023218
9788844023188
9788844011161
9788844009090
9788844012649
9788844012755
9788844016654
9788844016661
9788844016678
9788844016685
9788844016081
9788844015930
9788844015411
9788844015305
9788844011475
9788844011529
9788844007065
9788844020682
9788844016074
9788844028626
9788844016890
9788844016920
9788844016906
9788844016913
9788844017484
9788844024420
9788844003746
9788844023997
9788844024772
9788844023959
9788844022945
9788844019457
9788844023171
9788844023225
9788844023201
9788844023195
9788844011178
9788844012281
9788844009182
9788844008543
9788844008833
9788844019068
9788844019112
9788844018870
9788844016067
9788844011499
9788844011505
9788844011543
9788844007089
9788844007096
9788844008628
9788844000462
9788844000684
9788844020620
9788844006464
9788844017491
9788844020576
9788844024451
9788844024468
9788844007409
9788844020569
9788844024413
9788844023966
9788844024710
9788844024727
9788844024734
9788844024789
9788844024758
9788844023904
9788844023928
9788844023935
9788844023942
9788844024406
9788844024437
9788844021917
9788844021924
9788844021931
9788844021467
9788844021474
9788844019341
9788844020521
9788844020545
9788844020507
9788844020538
9788844020651
9788844023256
9788844023249
9788844020590
9788844021948
9788844021061
9788844020613
9788844020637
9788844018030
9788844020347
9788844019143
9788844009175
9788844012748
9788844012564
9788844010256
9788844009823
9788844016807
9788844009397
9788844019914
9788844019921
9788844019761
9788844019815
9788844019785
9788844019808
9788844019792
9788844019778
9788844019075
9788844019082
9788844019099
9788844019105
9788844018504
9788844018528
9788844018511
9788844018481
9788844018535
9788844018559
9788844018566
9788844018573
9788844018597
9788844018542
9788844018580
9788844016623
9788844016647
9788844016692
9788844016708
9788844016630
9788844016005
9788844016012
9788844016029
9788844016043
9788844016098
9788844015893
9788844015886
9788844014582
9788844015336
9788844015343
9788844015282
9788844015299
9788844014841
9788844014834
9788844014254
9788844014261
9788844014278
9788844014285
9788844014292
9788844014353
9788844014407
9788844014476
9788844014483
9788844014506
9788844014520
9788844014537
9788844014414
9788844014513
9788844014490
9788844014544
9788844014551
9788844014421
9788844011437
9788844011482
9788844003623
9788844003630
9788844007072
9788844007102
9788844007119
9788844007133
9788844007157
9788844007638
9788844008635
9788844009373
9788844009380
9788844009915
9788844007416
9788844010201
9788844007430
9788844009427
9788844009434
9788844008871
9788844008888
9788844008901
9788844009403
9788844008611
9788844008895
9788844008918
9788844008925
9788844008932
9788844008949
9788844008963
9788844008987
9788844007393
9788844005658
9788844005665
9788844000721
9788844003388
9788844003616
9788844001841
9788844002220
9788844001476
9788844002060
9788844002084
9788844001469
9788844002275
9788844002282
9788844002299
9788844000486
9788844003197
9788844002657
9788844024154
9788844020552
9788844020514
9788844020378
9788844008567
9788844020262
9788844020279
9788844020255
9788844014032
9788844016616
9788844015961
9788844015909
9788844014247
9788844014568
9788844011536
9788844007188
9788844002664
9788844015954
9788844000714
