9788817077859
9788817077866
9788817078290
9788817078306
9788817036009
9788817076432
9788817077149
9788817077750
9788817077743
9788817077774
9788817077767
9788817077125
9788817077163
9788817076388
9788817077477
9788817077545
9788817072779
9788817077491
9788817078740
9788817077804
9788817076425
9788817077132
9788817075107
9788817077156
9788817075480
9788817073714
9788817077170
9788817075008
9788817076371
9788817076401
9788817074971
9788817074988
9788817074964
9788817075091
9788817076333
9788817076340
9788817076364
9788817076357
9788817074384
9788863582635
9788817075053
9788817074995
9788817075336
9788817071925
9788817071956
9788817073707
9788817073721
9788817073745
9788817072793
9788817072809
9788817073660
9788817073677
9788817073684
9788817073691
9788817073882
9788817072762
9788817073769
9788817071901
9788817071918
9788817071635
9788817071758
9788817071857
9788817071871
9788817071888
9788817071932
9788817075572
9788817071864
9788817071895
9788817071949
9788817071772
9788817071789
9788817071796
9788817071765
9788817072267
9788817068321
9788817069588
9788817070539
9788817070591
9788817070607
9788817070614
9788817070522
9788817072458
9788817068086
9788817069472
9788817070270
9788817069540
9788817069564
9788817068055
9788817068536
9788817068291
9788817069557
9788817069571
9788817069601
9788817068154
9788817068338
9788817067126
9788817068307
9788817066730
9788817066761
9788817068314
9788817066693
9788817066723
9788817066679
9788817062800
9788817065320
9788817066686
9788817066280
9788817057370
9788817066747
9788817066754
9788817065955
9788817066716
9788817064590
9788817066167
9788817066709
9788817065337
9788817064934
9788817064941
9788817064910
9788817064996
9788817064606
9788817065252
9788817065306
9788817065313
9788817065290
9788817063791
9788817063869
9788817063876
9788817063883
9788817063821
9788817063838
9788817063920
9788817062909
9788817063807
9788817063814
9788817063845
9788817064071
9788817063784
9788817063852
9788817053785
9788817053792
9788817053877
9788817053884
9788817053891
9788817053907
9788817053914
9788817053921
9788817061445
9788817062510
9788817060790
9788817053501
9788817060769
9788817062473
9788817055642
9788817060783
9788817055673
9788817058742
9788817060547
9788817060554
9788817060752
9788817059510
9788817058872
9788817060776
9788817061612
9788817061629
9788817061636
9788817061643
9788817058735
9788817058759
9788817058858
9788817058803
9788817058810
9788817058766
9788817058797
9788817060561
9788817055635
9788817057349
9788817058728
9788817058773
9788817060141
9788817057363
9788817057332
9788817057387
9788817057318
9788817057356
9788817057394
9788817056564
9788817055697
9788817054355
9788817054317
9788817055680
9788817055772
9788817054362
9788817054379
9788817054300
9788817055659
9788817055666
9788817054348
9788817054409
9788817054423
9788817054294
9788817054386
9788817054072
9788817054331
9788817054416
9788817054430
9788817056687
9788817054393
9788817049443
9788817051262
9788817052610
9788817053495
9788817051972
9788817051958
9788817052054
9788817050531
9788817050425
9788817050524
9788817050555
9788817050548
9788817051248
9788817047999
9788817000321
9788817049177
9788817049184
9788817050029
9788817047982
9788817049191
9788817049207
9788817049214
9788817049221
9788817049238
9788817049047
9788817049450
9788817047975
9788817000338
9788817000369
9788817004183
9788817048002
9788817048026
9788817000307
9788817000314
9788817000345
9788817048019
9788817000352
9788817047111
9788817046909
9788817046916
9788817047128
9788817045285
9788817046947
9788817047074
9788817047081
9788817047104
9788817046923
9788817046954
9788817046961
9788817044110
9788817044127
9788817042529
9788817045278
9788817042574
9788817043878
9788817045186
9788817045100
9788860991126
9788817044158
9788817044165
9788817045209
9788817045254
9788817042680
9788817044080
9788817044172
9788817044189
9788817044097
9788817042505
9788817041737
9788817041898
9788817042703
9788817042659
9788817042567
9788817040426
9788817040600
9788817040334
9788817041034
9788817041041
9788817041058
9788817041065
9788817040983
9788817040525
9788817041027
9788817040303
9788817040259
9788817040969
9788817040976
9788817040204
9788817040297
9788817040280
9788817040181
9788817038263
9788817038270
9788817038218
9788817040228
9788817038256
9788817041812
9788817038133
9788817038140
9788817038157
9788817038201
9788817039147
9788817038249
9788817039130
9788817037921
9788817037938
9788817038188
9788817033916
9788817036788
9788817035903
9788817034685
9788817035965
9788817035989
9788817037075
9788817037068
9788817026093
9788817033893
9788817035910
9788817035972
9788817037044
9788817036016
9788817036030
9788817036160
9788817033886
9788817033909
9788817032087
9788817033862
9788817034234
9788817034296
9788817033855
9788817033497
9788817033473
9788817030793
9788817033152
9788817030809
9788817031011
9788817031899
9788817033381
9788817033459
9788817029391
9788817030489
9788817033398
9788817033442
9788817030854
9788817030861
9788817029346
9788817031028
9788817031073
9788817032261
9788817029377
9788817030816
9788817030823
9788817030830
9788817031042
9788817031059
9788817028134
9788817028141
9788817029513
9788817029421
9788817029452
9788817029384
9788817029537
9788817026086
9788817029483
9788817029490
9788817029520
9788817029506
9788817029469
9788817029575
9788817029360
9788817029551
9788817029568
9788817029582
9788817029643
9788817029544
9788817029599
9788817029605
9788817029612
9788817027588
9788817027601
9788817027632
9788817027649
9788817027656
9788817022668
9788817027618
9788817026116
9788817026925
9788817025706
9788817022613
9788817025447
9788817025461
9788817025669
9788817026192
9788817024273
9788817021630
9788817025263
9788817025768
9788817026185
9788817025423
9788817024426
9788817025348
9788817021326
9788817024242
9788817025256
9788817024457
9788817023108
9788817024259
9788817024464
9788817024211
9788817023092
9788817023085
9788817024150
9788817024112
9788817022699
9788817022903
9788817024266
9788817021319
9788817022606
9788817021296
9788817021302
9788817022590
9788817021272
9788817020992
9788817024143
9788817021005
9788817021029
9788817021043
9788817021050
9788817021357
9788817022552
9788817021159
9788817021166
9788817021203
9788817021173
9788817021180
9788817021432
9788817043380
9788817019835
9788817017879
9788817018180
9788817015158
9788817043373
9788817014434
9788817010887
9788817027083
9788817006774
9788817026543
9788817025331
9788817024136
9788817024440
9788817026215
9788817026079
9788817127110
9788817126717
9788817153096
9788817150934
9788817861694
9788817165969
9788817060578
9788817000529
9788817030625
9788817026970
9788817077118
9788817079624
9788817077187
9788817077835
9788817077842
9788817077811
9788817078672
9788817069595
9788817058889
9788817059473
9788817043410
9788817043540
9788817043557
9788817043502
9788817038164
9788817030786
9788817024532
9788817043397
9788817024518
9788817025720
9788817043465
9788817047715
9788817043595
9788817036559
9788817033824
9788817027014
9788817027311
9788817026222
9788817027106
9788817027328
9788817049085
9788817043403
9788817027113
9788817045988
9788817043519
9788817049061
9788817036542
9788817036528
9788817036535
9788817043533
9788817043571
9788817043496
9788817043564
9788817043472
9788817861656
9788817111539
9788817111522
9788817111003
9788817027090
9788817064927
9788817059565
9788817058865
9788817049153
9788817055628
9788817056410
9788817051293
9788817043434
9788817051729
9788817052047
9788817051408
9788817047098
9788817045193
9788817044912
9788817038171
9788817038195
9788817037051
9788817033800
9788817035996
9788817033879
9788817036146
9788817036153
9788817034265
9788817033145
9788817032414
9788817030847
9788817029353
9788817029629
9788817027526
9788817027076
9788817027625
9788817025416
9788817027038
9788817024204
9788817025393
9788817025485
9788817022538
9788817024969
9788817022644
9788817021500
9788817023429
9788817022897
9788817021036
9788817021258
9788817019903
9788817021210
9788817012201
9788817006781
9788817001625
9788817024129
9788817051965
9788817049160
9788817051286
9788817051255
9788817050005
9788817042277
9788817044103
9788817042512
9788817044073
9788817043236
9788817044059
9788817038294
9788817042536
9788817044066
9788817041010
9788817041003
9788817040235
9788817038126
9788817037013
9788817037020
9788817025379
9788817033602
9788817034241
9788817033626
9788817029414
9788817029636
9788817030342
9788817026130
9788817024549
9788817025430
9788817026246
9788817026864
9788817025386
9788817023115
9788817025409
9788817024198
9788817024952
9788817024044
9788817024228
9788817024471
9788817024235
9788817021623
9788817021616
9788817021340
9788817022569
9788817021234
9788817021227
9788817021265
9788817017367
9788852501807
9788852500923
9788852500381
9788852500275
9788817129244
9788817026963
9788817127387
9788817868174
9788817126595
9788817866354
9788817117265
9788817866002
9788817865586
9788817024167
9788817118835
9788817153331
9788817172813
9788817153218
9788817153034
9788817150903
9788817121736
9788817075138
9788817071642
9788817030878
9788817041836
9788817049078
9788817043526
9788817027823
9788817043601
9788817026239
9788817043441
9788817043489
9788817043588
9788817930864
9788817930888
9788817930871
9788817043458
9788817811538
9788817166171
9788817152020
9788817043427
9788817040198
9788817039284
9788817024556
9788817048644
9788817026871
9788852500367
9788817027021
9788817931939
9788817153645
9788817931885
9788817931892
9788817153652
9788817024488
9788817153621
9788817153522
9788817931366
9788817931649
9788817931694
9788817931687
9788817931700
9788817931717
9788817931670
9788817931724
9788817931489
9788817110907
9788817172950
9788817680493
9788817150897
9788817110891
9788817152709
9788817151849
9788817121446
