9788859201601
9788859203933
9788859203957
9788859205371
9788859205487
9788859205494
9788859205500
9788859205517
9788859205524
9788859201618
9788859201625
9788859203681
9788859201588
9788859201632
9788859202868
9788859201571
9788866399377
9788859201595
9788866399384
9788860409553
9788860409539
9788866391227
9788866391197
9788860409874
9788860409867
9788860409560
9788860409577
9788866391180
9788860409546
9788866391159
9788860409522
9788860409263
9788860409270
9788860408716
9788860407566
9788860407573
9788860407580
9788860408037
9788860407368
9788860407375
9788860408020
9788860408044
9788860408631
9788860406965
9788860407351
9788860406521
9788860407276
9788860406552
9788860406569
9788860406576
9788860406583
9788860405142
9788860406514
9788860405098
9788860406590
9788860406453
9788860405135
9788860406484
9788860406491
9788860406507
9788860406460
9788860406378
9788860406385
9788860406392
9788860406408
9788860405074
9788860406446
9788860404855
9788860405128
9788860406323
9788860404534
9788860405265
9788860405111
9788860405296
9788860404817
9788860403315
9788860404541
9788860404848
9788860405258
9788860404886
9788860404527
9788860404824
9788860404831
9788860403933
9788860404220
9788860403322
9788860403339
9788860403230
9788860403308
9788860403575
9788860403537
9788860403391
9788860403414
9788860403407
9788860403223
9788860403544
9788860403551
9788860403506
9788860403513
9788860403247
9788860403254
9788860403568
9788860403377
9788860403384
9788860403483
9788860403476
9788860403599
9788860403353
9788860403360
9788860402295
9788860402301
9788860402370
9788860402363
9788860402356
9788860402349
9788860402394
9788860401724
9788860401717
9788860402523
9788860402400
9788860402417
9788860402271
9788860402288
9788860402202
9788860402196
9788860403292
9788860402240
9788860402233
9788860401700
9788860401694
9788860402127
9788860402134
9788860402141
9788860402158
9788860402165
9788860402172
9788860402189
9788860402219
9788860402226
9788860402257
9788860402264
9788860401670
9788860401687
9788860401663
9788860400734
9788860400741
9788860400758
9788860400772
9788860400383
9788860400390
9788860400406
9788860400413
9788860400345
9788860400369
9788860400376
9788860400352
9788870638424
9788870638400
9788870638394
9788870638431
9788870638417
9788870638448
9788859206088
9788859206095
9788866390947
9788860403421
9788860401656
9788870638608
9788870638615
9788870638387
9788870638455
9788860401601
