9788816573857
9788816573833
9788816573840
9788816573765
9788816573796
9788816573772
9788816573789
9788816573819
9788816573710
9788816573727
9788816573734
9788816573741
9788816573758
9788816573697
9788816573703
9788816573666
9788816573628
9788816573635
9788816573642
9788816573574
9788816573444
9788816573451
9788816573604
9788816573611
9788816573499
9788816573505
9788816573581
9788816573536
9788816573543
9788816573567
9788816573529
9788816571815
9788816572751
9788816573475
9788816573512
9788816573338
9788816573345
9788816573352
9788816571990
9788816573420
9788816573468
9788816573413
9788816573291
9788816573376
9788816573383
9788816573062
9788816573079
9788816573086
9788816573093
9788816572966
9788816573390
9788816573406
9788816573307
9788816573314
9788816573321
9788816573260
9788816573277
9788816572799
9788816572805
9788816573253
9788816572973
9788816572980
9788816572997
9788816573000
9788816573024
9788816573031
9788816573048
9788816573055
9788816573017
9788816573109
9788816572928
9788816572959
9788816573116
9788816573123
9788816573130
9788816573147
9788816572669
9788816572683
9788816571457
9788816572881
9788816572898
9788816572904
9788816572911
9788816572935
9788816572942
9788816572812
9788816572393
9788816572409
9788816572829
9788816572836
9788816572850
9788816572867
9788816572874
9788816572775
9788816572782
9788816572652
9788816572720
9788816572737
9788816572744
9788816572768
9788816572645
9788816572713
9788816572638
9788816572621
9788816572331
9788816572348
9788816572072
9788816572089
9788816572607
9788816572591
9788816572317
9788816572324
9788816572522
9788816572539
9788816572546
9788816572553
9788816572560
9788816282513
9788816572461
9788816572478
9788816572485
9788816572492
9788816572508
9788816572515
9788816572416
9788816572423
9788816572430
9788816572447
9788816572294
9788816572300
9788816572263
9788816572256
9788816572249
9788816572188
9788816572195
9788816572201
9788816572232
9788816572102
9788816572119
9788816572126
9788816572133
9788816571921
9788816571938
9788816572010
9788816572041
9788816571907
9788816571914
9788816571983
9788816572027
9788816572003
9788816571976
9788816571969
9788816571853
9788816571877
9788816571952
9788816571945
9788816571860
9788816571761
9788816571778
9788816571822
9788816571716
9788816571808
9788816571709
9788816571525
9788816571471
9788816571488
9788816571372
9788816571389
9788816571396
9788816571273
9788816571280
9788816570320
9788816570283
9788816573284
9788816573369
9788816573239
9788816570177
9788816570795
9788816900936
9788816282476
9788816572034
9788816571839
9788816571723
9788816571730
9788816571747
9788816571792
9788816571518
9788816571563
9788816571570
9788816571556
9788816571532
9788816571549
9788816571341
9788816571358
9788816571419
9788816571426
9788816571433
9788816571334
9788816571440
9788816571495
9788816571365
9788816571402
9788816571044
9788816571303
9788816571310
9788816571051
9788816571242
9788816571228
9788816571167
9788816571082
9788816571099
9788816571105
9788816571129
9788816571143
9788816571112
9788816571068
9788816570924
9788816570931
9788816570993
9788816571020
9788816570894
9788816570900
9788816570955
9788816570979
9788816570986
9788816570801
9788816570689
9788816570726
9788816570733
9788816570696
9788816570702
9788816570719
9788816570764
9788816570641
9788816570658
9788816570603
9788816570610
9788816570634
9788816570580
9788816570474
9788816570542
9788816570498
9788816570450
9788816570368
9788816570375
9788816570382
9788816570429
9788816570344
9788816570214
9788816570207
9788816301856
9788816570672
9788816570276
9788816573482
9788816572843
9788816572614
9788816572584
9788816572577
9788816572454
9788816572270
9788816572287
9788816572140
9788816572157
9788816572164
9788816572171
9788816572096
9788816571884
9788816571891
9788816570313
9788816572706
9788816571297
9788816570481
9788816901087
9788816570184
9788816571501
9788816571624
9788816571464
9788816571327
9788816571204
9788816571150
9788816570832
9788816570665
9788816570412
9788816570337
9788816571259
9788816571266
9788816571235
9788816571136
9788816571211
9788816571075
9788816570948
9788816570962
9788816571006
9788816571037
9788816570917
9788816570887
9788816570825
9788816570863
9788816570870
9788816570849
9788816570856
9788816570788
9788816570740
9788816570757
9788816570771
9788816570627
9788816570597
9788816570573
9788816570566
9788816570528
9788816570535
9788816570559
9788816570511
9788816570504
9788816570467
9788816570443
9788816570399
9788816570436
9788816570405
9788816570351
9788816570290
9788816570306
9788816570245
9788816570238
9788816570191
9788816570146
9788816570153
9788816570139
9788816570061
9788816570078
9788816570085
9788816570115
