9788873076988
9788873076995
9788873076926
9788873077015
9788873077008
9788873076919
9788873076971
9788873076957
9788873076834
9788873076803
9788873077039
9788873076827
9788873076872
9788873076797
9788873076858
9788873076902
9788873077046
9788873076339
9788873076773
9788873076865
9788873076896
9788873076728
9788873076735
9788873076766
9788873076742
9788873076780
9788873076711
9788873076759
9788873076810
9788873076698
9788873076681
9788873076704
9788873076407
9788873076391
9788873074915
9788873075240
9788873075462
9788873074564
9788873076360
9788873076377
9788873076421
9788873075035
9788873076353
9788873076414
9788873076261
9788873076315
9788873076179
9788873076346
9788873074717
9788873076230
9788873076278
9788873076193
9788873076292
9788873076254
9788873076209
9788873076308
9788873076155
9788873076162
9788873076285
9788873076100
9788873076032
9788873076049
9788873076124
9788873076063
9788873076148
9788873076070
9788873076094
9788873076117
9788873076056
9788873076025
9788873076087
9788873076001
9788873075271
9788873075936
9788873075967
9788873075875
9788873075882
9788873075486
9788873075929
9788873075837
9788873075820
9788873075547
9788873075899
9788873075905
9788873075790
9788873075783
9788873075912
9788873075554
9788873075806
9788873075813
9788873075707
9788873075769
9788873075400
9788873075479
9788873075448
9788873075424
9788873075431
9788873075714
9788873075264
9788873075455
9788873075288
9788873075585
9788873075677
9788873075608
9788873074847
9788873075387
9788873075660
9788873075295
9788873075226
9788873075301
9788873075394
9788873075257
9788873075325
9788873075363
9788873075356
9788873075370
9788873074786
9788873075349
9788873075318
9788873075516
9788873075332
9788873074953
9788873075059
9788873074694
9788873074724
9788873074922
9788873075042
9788873074809
9788873074908
9788873074762
9788873074816
9788873074885
9788873074731
9788873074779
9788873074748
9788873075219
9788873074830
9788873074823
9788873074878
9788873074854
9788873074861
9788873074601
9788873074687
9788873073475
9788873073529
9788873074670
9788873074632
9788873074649
9788873074700
9788873074526
9788873074625
9788873074595
9788873074571
9788873074533
9788873074540
9788873074557
9788873074656
9788873074618
9788873074588
9788873074519
9788873074281
9788873074496
9788873074472
9788873074458
9788873074465
9788873074434
9788873074441
9788873074410
9788873074427
9788873072843
9788873073260
9788873074359
9788873074373
9788873074342
9788873074243
9788873074298
9788873074380
9788873074311
9788873074304
9788873074663
9788873074212
9788873074274
9788873073949
9788873074229
9788873074175
9788873074083
9788873070665
9788873071921
9788873072164
9788873071907
9788873071914
9788873072706
9788873072867
9788873073383
9788873073338
9788873073345
9788873073352
9788873073550
9788873073574
9788873073642
9788873073581
9788873073291
9788873073567
9788873073499
9788873073505
9788873073536
9788873073413
9788873073437
9788873073451
9788873073420
9788873073444
9788873072591
9788873073239
9788873073246
9788873073222
9788873073093
9788873073130
9788873073161
9788873072911
9788873072812
9788873072713
9788873072584
9788873072546
9788873072515
9788873072379
9788873071648
9788873072232
9788873072089
9788873072034
9788873072041
9788873071679
9788873071860
9788873071877
9788873071808
9788873071419
9788873071433
9788873071471
9788873071402
9788873071242
9788873071235
9788873073734
9788873073833
9788873073864
9788873073871
9788873073888
9788873073932
9788873073963
9788873073970
9788873074076
9788873074113
9788873074137
9788873074144
9788873072027
9788873074106
9788873074045
9788873074014
9788873071594
9788873073987
9788873072959
9788873071761
9788873072140
9788873072690
9788873073017
9788873073956
9788873073925
9788873073895
9788873073901
9788873072935
9788873072324
9788873073543
9788873073918
9788873073840
9788873073789
9788873072355
9788873072966
9788873073796
9788873073598
9788873073000
9788873073086
9788873072621
9788873070641
9788873073802
9788873072447
9788873073758
9788873071440
9788873071495
9788873071655
9788873071129
9788873073215
9788873073123
9788873071570
9788873071396
9788873076940
9788873075233
9788873076186
9788873075868
9788873075844
9788873075592
9788873074199
9788873074502
9788873074335
9788873073376
9788873073079
9788873071310
9788873071754
9788873071273
9788873073611
9788873073192
9788873072744
9788873072072
9788873071945
9788873071525
9788873073277
9788873074328
9788873074236
9788873074250
9788873072430
9788873073178
9788873072508
9788873073185
9788873073635
9788873074007
9788873071990
9788873072003
9788873072010
9788873073703
9788873073994
9788873071631
9788873072331
9788873071174
9788873072225
9788873073765
9788873073819
9788873073697
9788873073710
9788873073727
9788873073284
9788873072683
9788873070900
9788873073666
9788873072669
9788873073673
9788873073628
9788873071389
9788873071365
9788873073208
9788873073512
9788873070726
9788873072638
9788873072485
9788873070856
9788873073307
9788873073314
9788873073321
9788873072348
9788873072850
9788873073031
9788873072997
9788873072874
9788873072928
9788873072799
9788873072829
9788873072904
9788873072836
9788873072751
9788873071662
9788873072775
9788873072676
9788873072652
9788873072645
9788873072560
9788873072577
9788873072522
9788873072553
9788873072454
9788873072461
9788873072300
9788873072362
9788873072249
9788873072317
9788873072294
9788873072263
9788873072270
9788873072287
9788873072157
9788873072058
9788873072065
9788873071884
9788873071891
9788873071952
9788873071938
9788873071853
9788873071778
9788873071747
9788873071785
9788873071815
9788873071846
9788873071693
9788873071730
9788873071686
9788873071617
9788873071624
9788873070870
9788873071464
9788873071556
9788873071709
9788873071501
9788873071518
9788873071266
9788873071334
9788873071341
9788873071358
9788873071327
9788873071303
9788873071075
9788873071136
9788873071143
9788873070986
9788873071037
9788873071044
9788873071068
9788873071211
9788873071013
9788873070931
9788873070948
9788873070924
9788873070795
9788873070832
9788873070733
9788873070740
9788873070580
9788873070511
9788873077022
9788873072782
9788873073390
9788873073772
9788873073253
9788873073406
9788873073116
9788873073147
